26 14 16 8 4 4 2 2 2 29
0 0 0 0 0 0 0 0 0 0 0 0 0 0 0 0 0 0 0 0 0 0 0 0 0 0 0 0 0 0 0 0 0 0 0 0 0 0 0 0 0 0 0 0 0 0 0 0 0
0 0 0 0 0 0 0 0 0 0 0 0 0 0 0 0 0 0 0 0 0 0 0 0 0 0 0 0 0 0 0 0 0 0 0 0 0 14 1 1 1 1 1 1 14 0 0 0 0
0 0 0 14 1 1 1 1 1 1 1 1 1 1 1 1 1 1 1 1 14 0 0 0 0 0 0 0 0 0 0 0 0 0 0 0 0 1 2 2 2 2 2 2 1 0 0 0 0
0 0 0 1 2 2 6 2 2 2 2 2 2 2 2 2 2 2 2 2 1 0 0 0 0 14 1 1 1 1 1 1 1 1 1 1 1 1 2 2 2 2 2 6 1 0 0 0 0
0 0 0 3 2 2 2 2 2 2 2 2 6 2 2 2 2 2 2 2 1 0 0 0 0 1 2 2 2 2 2 2 2 2 2 2 2 2 2 2 2 2 2 2 1 0 0 0 0
0 0 0 1 2 2 2 2 2 2 2 2 2 2 2 10 2 2 2 2 1 0 0 0 0 1 7 2 2 2 2 6 2 2 2 2 2 2 2 2 2 2 2 2 1 0 0 0 0
0 0 0 14 1 1 1 1 1 1 1 2 2 2 2 2 2 2 2 2 1 0 0 0 0 1 2 2 2 2 2 2 2 2 2 2 6 2 2 2 2 2 2 2 1 0 0 0 0
0 0 0 0 0 0 0 0 0 0 1 2 2 2 2 2 2 2 2 2 1 0 0 0 0 14 1 1 1 1 1 1 2 8 2 2 2 2 1 1 1 1 1 1 14 0 0 0 0
0 0 0 0 0 0 0 0 0 0 1 2 2 2 2 2 2 2 2 2 1 0 0 0 0 0 0 0 0 0 0 1 2 2 2 13 2 2 1 0 0 0 0 0 0 0 0 0 0
0 14 1 1 1 1 1 1 1 1 1 2 2 2 2 2 2 2 2 2 1 1 1 1 1 1 1 1 1 1 1 1 2 2 2 7 7 2 1 1 1 1 1 1 1 1 1 14 0
0 1 2 13 2 2 2 2 2 2 2 2 2 2 2 2 2 2 2 2 2 2 6 2 2 2 2 2 2 2 2 13 2 2 2 2 13 2 2 8 2 2 2 2 2 2 2 1 0
0 1 2 2 2 2 2 2 2 2 2 7 2 2 2 2 2 7 2 2 2 6 2 2 2 2 6 2 2 2 2 2 2 7 6 2 7 2 2 2 2 2 2 2 2 2 13 1 0
0 14 4 2 2 7 2 2 2 6 2 2 2 2 2 2 2 2 2 2 2 2 2 2 2 2 2 2 2 2 7 8 2 2 2 2 2 2 2 2 2 2 2 2 2 2 5 14 0
0 1 2 2 2 2 10 2 2 2 2 2 2 2 2 2 2 2 6 2 2 2 2 2 2 2 2 2 2 2 2 2 2 2 2 2 2 6 2 2 2 2 2 2 2 2 2 1 0
0 1 2 2 2 2 2 2 2 2 6 2 2 2 7 6 2 2 2 2 7 2 2 2 2 2 2 2 2 2 2 2 2 2 2 2 2 2 2 2 2 2 2 2 2 2 2 1 0
0 14 1 1 1 1 1 10 10 9 2 2 2 2 2 1 1 1 1 1 1 3 1 1 1 1 1 1 1 1 1 1 1 2 13 2 2 2 2 2 2 13 1 1 1 1 1 14 0
0 0 0 0 0 0 1 2 2 2 2 2 2 2 2 1 0 0 0 0 0 0 0 0 0 0 0 0 0 0 0 0 1 2 2 7 2 2 2 2 2 2 1 0 0 0 0 0 0
0 0 0 0 0 0 1 2 2 2 2 2 2 2 2 1 0 0 0 0 0 0 0 0 0 0 0 0 0 0 0 0 1 2 7 2 2 6 2 2 2 2 1 0 0 0 0 0 0
0 14 1 1 1 1 1 2 2 6 2 2 2 2 2 1 1 1 1 14 0 0 0 0 0 0 0 0 0 0 0 0 1 2 2 2 2 2 6 2 2 2 1 0 0 0 0 0 0
0 1 2 2 13 2 2 2 2 2 2 2 2 2 2 2 2 2 2 1 0 0 0 0 0 0 0 0 0 0 0 0 3 2 2 2 2 2 2 2 2 2 1 0 0 0 0 0 0
0 1 2 6 2 2 2 2 2 2 2 2 2 2 2 2 2 2 6 1 0 0 0 0 0 0 0 0 0 0 0 0 1 2 2 2 6 2 2 2 8 2 1 0 0 0 0 0 0
0 1 2 2 2 6 6 2 2 2 2 2 2 2 2 2 2 2 2 1 0 0 0 14 1 1 1 1 14 0 0 0 1 2 2 13 2 2 2 2 2 2 1 0 0 0 0 0 0
0 14 1 1 2 2 2 2 2 1 1 1 1 1 1 1 1 1 1 14 0 0 0 1 2 2 8 2 1 0 0 0 1 2 2 6 2 7 2 2 2 2 1 0 0 0 0 0 0
0 0 0 1 2 2 2 13 2 1 0 0 0 0 0 0 0 0 0 0 0 0 0 1 2 2 2 2 1 0 0 0 1 2 2 2 2 2 2 6 2 2 1 0 0 0 0 0 0
0 0 0 1 2 2 2 2 2 1 0 0 0 0 0 0 0 0 0 0 0 0 0 1 2 2 2 2 1 1 1 1 1 2 2 2 2 2 2 2 2 2 1 0 0 0 0 0 0
0 0 0 1 2 2 2 6 9 1 0 0 0 0 0 0 0 0 0 0 0 0 0 1 2 2 2 2 2 2 8 2 2 2 2 2 2 2 2 2 2 7 1 0 0 0 0 0 0
0 0 0 3 2 2 13 9 9 1 0 0 0 0 0 0 0 0 0 0 0 0 0 1 2 2 2 2 2 2 2 2 2 2 2 2 2 2 2 2 2 2 1 0 0 0 0 0 0
0 0 0 14 1 1 1 1 1 14 0 0 0 0 0 0 0 0 0 0 0 0 0 1 2 2 6 2 2 2 2 2 7 6 6 2 2 2 2 13 2 2 1 0 0 0 0 0 0
0 0 0 0 0 0 0 0 0 0 0 0 0 0 0 0 0 0 0 0 0 0 0 14 1 1 1 1 1 1 1 1 1 1 1 1 1 1 1 1 1 1 14 0 0 0 0 0 0
0 0 0 0 0 0 0 0 0 0 0 0 0 0 0 0 0 0 0 0 0 0 0 0 0 0 0 0 0 0 0 0 0 0 0 0 0 0 0 0 0 0 0 0 0 0 0 0 0
