20 6 9 1 2 1 1 0 48
0 0 0 0 0 0 0 0 0 0 0 0 0 0 0 0 0 0 0 0 0 0 0 0 0 0 0 0 0 0 0 0 0 0 0 0 0 0 0 0 0 0 0 0 0 0 0 0 0
0 0 0 0 0 0 0 0 0 0 0 0 0 0 0 0 0 0 0 0 0 0 0 0 0 0 0 0 0 0 0 0 0 0 0 0 0 1 1 1 1 1 1 1 1 0 0 0 0
0 0 0 1 1 1 1 1 1 1 1 1 1 1 1 1 1 1 1 1 1 0 0 0 0 0 0 0 0 0 0 0 0 0 0 0 0 1 2 2 13 2 2 2 1 0 0 0 0
0 0 0 1 2 2 2 2 2 2 8 2 13 2 2 2 2 2 2 2 1 0 0 0 0 1 1 1 1 1 1 1 1 1 1 1 1 1 2 2 2 2 2 2 1 0 0 0 0
0 0 0 3 2 2 2 2 2 2 2 2 2 2 2 2 2 8 2 2 1 0 0 0 0 1 2 2 2 2 2 2 2 2 2 2 2 2 2 6 2 2 2 2 1 0 0 0 0
0 0 0 1 2 2 2 2 2 2 2 2 2 6 2 2 2 2 2 2 1 0 0 0 0 1 2 2 2 2 2 7 2 2 2 2 2 2 2 2 2 2 2 13 1 0 0 0 0
0 0 0 1 1 1 1 1 1 1 1 2 2 2 2 2 2 8 2 2 1 0 0 0 0 1 2 2 2 2 2 2 2 2 2 2 2 2 2 2 8 6 2 2 1 0 0 0 0
0 0 0 0 0 0 0 0 0 0 1 7 2 2 2 2 2 2 2 2 1 0 0 0 0 1 1 1 1 1 1 1 2 2 2 2 2 2 1 1 1 1 1 1 1 0 0 0 0
0 0 0 0 0 0 0 0 0 0 1 2 2 2 2 2 2 2 2 2 1 0 0 0 0 0 0 0 0 0 0 1 2 2 2 2 2 2 1 0 0 0 0 0 0 0 0 0 0
0 1 1 1 1 1 1 1 1 1 1 2 6 2 2 2 2 2 2 2 1 1 1 1 1 1 1 1 1 1 1 1 10 10 2 2 2 2 1 1 1 1 1 1 1 1 1 1 0
0 1 2 2 2 13 2 2 2 2 2 2 2 2 2 2 2 2 2 2 2 2 2 2 2 2 2 2 2 2 2 2 2 2 2 2 2 2 2 2 2 2 2 2 2 6 2 1 0
0 1 2 2 2 2 2 2 2 2 2 2 2 2 2 2 2 2 2 2 2 2 2 2 2 2 2 2 2 2 2 2 2 2 2 2 2 2 2 2 2 2 2 11 2 2 2 1 0
0 1 4 2 2 2 2 2 2 2 2 2 2 2 7 2 2 2 2 2 2 2 2 2 2 9 2 2 2 2 2 2 7 2 13 2 13 2 2 2 2 2 2 2 2 2 5 1 0
0 1 2 2 7 2 2 2 2 2 2 2 2 2 2 2 2 2 2 2 2 2 2 2 2 2 2 2 2 2 2 2 2 2 2 2 2 2 2 2 2 2 2 2 2 2 2 1 0
0 1 2 2 2 2 2 2 2 2 2 2 2 2 2 2 2 2 2 2 2 2 13 2 2 2 2 2 2 2 2 2 2 2 13 2 2 2 2 2 2 2 2 2 2 2 2 1 0
0 1 1 1 1 1 1 2 2 2 8 2 2 2 2 1 1 1 1 1 1 3 1 1 1 1 1 1 1 1 1 1 1 2 2 2 2 2 8 2 2 2 1 1 1 1 1 1 0
0 0 0 0 0 0 1 2 2 2 2 2 2 2 2 1 0 0 0 0 0 0 0 0 0 0 0 0 0 0 0 0 1 2 2 2 2 2 2 2 2 2 1 0 0 0 0 0 0
0 0 0 0 0 0 1 2 2 2 2 2 2 2 2 1 0 0 0 0 0 0 0 0 0 0 0 0 0 0 0 0 1 2 2 2 2 2 2 2 2 2 1 0 0 0 0 0 0
0 1 1 1 1 1 1 2 2 2 2 2 2 2 2 1 1 1 1 1 0 0 0 0 0 0 0 0 0 0 0 0 1 2 2 2 2 2 2 2 2 2 1 0 0 0 0 0 0
0 1 2 2 2 2 2 2 2 2 2 2 2 2 2 2 2 2 2 1 0 0 0 0 0 0 0 0 0 0 0 0 12 2 2 2 2 2 2 2 2 2 1 0 0 0 0 0 0
0 1 2 2 6 2 2 2 2 2 2 2 2 8 2 2 2 2 2 3 0 0 0 0 0 0 0 0 0 0 0 0 1 2 2 2 2 2 2 2 2 2 1 0 0 0 0 0 0
0 1 2 2 2 2 2 2 2 2 2 2 2 2 2 8 2 2 2 1 0 0 0 1 1 1 1 1 1 0 0 0 1 2 2 2 2 2 2 2 2 2 1 0 0 0 0 0 0
0 1 1 1 2 13 2 2 2 1 1 1 1 1 1 1 1 1 1 1 0 0 0 1 2 2 2 2 1 0 0 0 1 2 2 2 2 2 2 2 2 2 3 0 0 0 0 0 0
0 0 0 1 2 2 2 2 8 1 0 0 0 0 0 0 0 0 0 0 0 0 0 1 6 2 2 2 1 0 0 0 1 2 13 2 2 2 2 2 2 2 1 0 0 0 0 0 0
0 0 0 1 2 2 2 2 2 1 0 0 0 0 0 0 0 0 0 0 0 0 0 1 2 2 2 2 1 1 1 1 1 2 2 2 2 2 2 2 2 2 1 0 0 0 0 0 0
0 0 0 1 2 2 2 2 2 1 0 0 0 0 0 0 0 0 0 0 0 0 0 1 2 2 2 2 2 2 2 2 2 2 2 2 2 2 2 13 2 2 1 0 0 0 0 0 0
0 0 0 3 2 2 2 2 2 1 0 0 0 0 0 0 0 0 0 0 0 0 0 1 2 2 2 6 2 2 7 2 2 2 2 2 2 2 6 2 2 2 1 0 0 0 0 0 0
0 0 0 1 1 1 1 1 1 1 0 0 0 0 0 0 0 0 0 0 0 0 0 1 2 2 2 2 2 2 2 2 2 2 2 2 2 2 2 2 2 2 1 0 0 0 0 0 0
0 0 0 0 0 0 0 0 0 0 0 0 0 0 0 0 0 0 0 0 0 0 0 1 1 1 1 1 1 1 1 1 1 1 1 1 1 1 1 1 1 1 1 0 0 0 0 0 0
0 0 0 0 0 0 0 0 0 0 0 0 0 0 0 0 0 0 0 0 0 0 0 0 0 0 0 0 0 0 0 0 0 0 0 0 0 0 0 0 0 0 0 0 0 0 0 0 0
