24 10 12 8 1 1 1 1 0 100
0 0 0 0 0 0 0 0 0 0 0 0 0 0 0 0 0 0 0 0 0 0 0 0 0 0 0 0 0 0 0 0 0 0 0 0 0 0 0 0 0 0 0 0 0 0 0 0 0
0 0 0 0 0 0 0 0 0 0 0 0 0 0 0 0 0 0 0 0 0 0 0 0 0 0 0 0 0 0 0 0 0 0 0 0 0 14 1 1 1 1 1 1 14 0 0 0 0
0 0 0 14 1 1 1 1 1 1 1 1 1 1 1 1 1 1 1 1 14 0 0 0 0 0 0 0 0 0 0 0 0 0 0 0 0 1 2 2 2 2 2 2 1 0 0 0 0
0 0 0 1 2 6 2 2 6 2 2 6 2 6 2 2 2 2 2 2 1 0 0 0 0 14 1 1 1 1 1 1 1 1 1 1 1 1 2 13 2 2 2 2 1 0 0 0 0
0 0 0 3 2 2 2 2 2 2 2 2 2 2 2 8 2 2 2 2 1 0 0 0 0 1 2 2 2 2 2 7 2 2 2 2 2 2 2 2 2 2 2 2 1 0 0 0 0
0 0 0 1 2 2 2 9 2 2 2 13 2 2 2 2 2 6 2 2 1 0 0 0 0 1 2 2 2 2 2 2 2 2 2 2 2 2 2 2 2 8 2 2 1 0 0 0 0
0 0 0 14 1 1 1 1 1 1 1 2 10 2 2 2 2 2 2 2 1 0 0 0 0 1 2 2 2 2 2 2 2 2 2 2 2 2 2 2 2 2 2 2 1 0 0 0 0
0 0 0 0 0 0 0 0 0 0 1 2 2 2 2 2 2 13 2 8 1 0 0 0 0 14 1 1 1 1 1 1 2 2 2 2 2 2 1 1 1 1 1 1 14 0 0 0 0
0 0 0 0 0 0 0 0 0 0 1 2 2 2 2 8 2 2 2 2 1 0 0 0 0 0 0 0 0 0 0 1 2 6 2 2 2 2 1 0 0 0 0 0 0 0 0 0 0
0 14 1 1 1 1 1 1 1 1 1 2 2 2 13 2 2 2 2 2 1 1 1 1 1 1 1 1 1 1 1 1 6 2 2 2 2 2 1 1 1 1 1 1 1 1 1 14 0
0 1 2 6 2 2 6 2 2 2 2 7 2 2 2 2 2 2 2 2 2 2 2 2 2 2 2 2 2 2 2 11 2 13 2 2 2 6 2 2 2 2 2 2 2 2 2 1 0
0 1 2 7 2 2 2 2 2 2 2 2 2 2 8 2 2 6 2 2 2 2 2 2 2 2 2 2 2 2 2 2 2 2 2 2 2 2 2 2 2 2 2 2 2 2 2 1 0
0 14 4 2 2 2 2 2 2 2 2 2 2 2 2 2 2 2 2 2 2 2 2 13 2 2 2 2 2 2 2 2 2 2 8 6 2 2 2 2 2 2 2 2 6 2 5 14 0
0 1 2 6 2 2 2 2 2 2 2 2 2 2 2 2 2 2 2 2 2 2 2 2 2 2 2 2 2 2 2 2 2 2 2 7 2 2 2 2 2 2 2 2 2 2 2 1 0
0 1 2 2 2 2 2 2 2 2 2 2 2 2 2 2 7 2 2 2 2 2 2 2 2 6 2 2 2 2 2 2 6 2 2 2 2 2 2 2 2 2 2 2 2 2 2 1 0
0 14 1 1 1 1 1 2 2 2 2 7 2 2 2 1 1 1 1 1 1 3 1 1 1 1 1 1 1 1 1 1 1 2 2 2 2 2 6 2 2 2 1 1 1 1 1 14 0
0 0 0 0 0 0 1 2 2 2 2 2 13 2 2 1 0 0 0 0 0 0 0 0 0 0 0 0 0 0 0 0 1 6 2 6 2 2 2 2 2 2 1 0 0 0 0 0 0
0 0 0 0 0 0 1 2 2 2 2 2 2 2 2 1 0 0 0 0 0 0 0 0 0 0 0 0 0 0 0 0 1 2 7 2 2 2 2 2 2 2 1 0 0 0 0 0 0
0 14 1 1 1 1 1 2 2 2 2 2 2 2 2 1 1 1 1 14 0 0 0 0 0 0 0 0 0 0 0 0 1 2 2 2 2 2 2 2 2 2 1 0 0 0 0 0 0
0 1 2 2 2 2 2 2 2 2 2 2 2 2 2 2 2 2 2 1 0 0 0 0 0 0 0 0 0 0 0 0 3 2 2 2 2 2 2 2 2 2 1 0 0 0 0 0 0
0 1 2 2 2 2 2 2 2 2 2 2 2 2 2 2 2 2 2 3 0 0 0 0 0 0 0 0 0 0 0 0 1 8 13 2 2 2 2 2 2 2 1 0 0 0 0 0 0
0 1 2 2 2 2 2 2 2 2 2 2 2 2 6 2 2 2 2 1 0 0 0 14 1 1 1 1 14 0 0 0 1 2 2 2 7 2 2 2 2 2 1 0 0 0 0 0 0
0 14 1 1 2 2 2 7 2 1 1 1 1 1 1 1 1 1 1 14 0 0 0 1 2 2 2 2 1 0 0 0 1 2 2 13 2 2 2 2 2 2 3 0 0 0 0 0 0
0 0 0 1 2 2 2 2 2 1 0 0 0 0 0 0 0 0 0 0 0 0 0 1 2 13 2 2 1 0 0 0 1 13 7 2 2 7 2 2 2 2 1 0 0 0 0 0 0
0 0 0 1 2 2 2 2 2 1 0 0 0 0 0 0 0 0 0 0 0 0 0 1 2 8 7 2 1 1 1 1 1 2 2 2 2 2 2 2 2 2 1 0 0 0 0 0 0
0 0 0 1 2 2 2 2 2 1 0 0 0 0 0 0 0 0 0 0 0 0 0 1 2 2 2 2 2 2 2 2 2 2 2 2 2 2 2 2 2 2 1 0 0 0 0 0 0
0 0 0 12 2 2 2 6 2 1 0 0 0 0 0 0 0 0 0 0 0 0 0 1 2 2 2 6 2 2 2 2 2 2 2 2 2 2 2 2 2 2 1 0 0 0 0 0 0
0 0 0 14 1 1 1 1 1 14 0 0 0 0 0 0 0 0 0 0 0 0 0 1 2 2 2 2 2 2 2 6 2 2 2 2 2 2 2 2 2 2 1 0 0 0 0 0 0
0 0 0 0 0 0 0 0 0 0 0 0 0 0 0 0 0 0 0 0 0 0 0 14 1 1 1 1 1 1 1 1 1 1 1 1 1 1 1 1 1 1 14 0 0 0 0 0 0
0 0 0 0 0 0 0 0 0 0 0 0 0 0 0 0 0 0 0 0 0 0 0 0 0 0 0 0 0 0 0 0 0 0 0 0 0 0 0 0 0 0 0 0 0 0 0 0 0
